LAT = 52.21833
LNG = 6.89583
WEATHER_KEY="074c544fa08f899c17fc28cd2013c421"